4	192	[1,3,1,4,2,2,1,4] [xxx] 18/02/2025 17:29:54
5	562	[1,1,1,5,3,2,1,4,4,5] [2,3,5,5,2,3,4,3,4,2]
6	1088
6	1150	[1,5,5,3,5,4,6,4,2,6,2,1] [3,4,2,3,3,4,1,6,6,1,2,5] after 340 attempts 14/02/2025 15:26:21
6	1164	[5,2,3,1,1,3,1,4,5,6,5,5] [6,2,3,6,4,4,1,2,6,2,3,4] after 631 attempts 15/02/2025 15:08:26
6	1168	[4,4,4,3,1,1,1,6,5,3,5,2,3,5,1,2,6,4,2,3,2,6,6,5]
6	1178	[6,5,4,2,1,1,1,3,4,4,3,2] [6,1,2,2,6,6,5,5,3,4,3,5] after 817 attempts 15/02/2025 23:54:43
6	1190	[3,4,5,4,1,1,6,2,1,1,2,3] [5,4,4,5,6,6,2,2,6,3,5,3] after 9562 attempts 17/02/2025 19:24:42
7	1710
7	1768	[6,4,2,7,4,1,3,3,3,3,4,6,2,1] [2,7,5,2,5,6,4,7,7,1,5,5,1,6] after 3273 attempts 17/02/2025 05:32:17
7	1772	[3,6,7,4,6,3,4,2,4,2,7,6,3,5] [2,5,1,1,1,6,7,1,4,2,5,5,7,3] after 4301 attempts 17/02/2025 12:43:22
7	1786	[7,1,2,5,2,1,3,7,6,6,5,1,3,6] [5,2,7,2,1,4,4,5,4,6,4,3,3,7] after 5514 attempts 17/02/2025 21:11:39
7	1880	[1,1,1,1,2,2,2,2,3,6,6,3,6,7] [4,3,5,4,5,4,5,6,3,7,7,5,4,7] 19/02/2025 16:41:31
8	2268
8	2270	[6,5,5,8,2,6,8,2,8,1,3,6,4,1,4,7] [7,5,2,2,6,7,3,5,7,3,4,1,8,3,1,4]
8	2306	[1,1,1,1,2,2,2,2,3,3,3,3,4,4,8,6] [5,8,5,4,4,8,5,5,6,7,7,8,7,7,6,6]
8	2352	[2,1,8,8,7,3,4,4,1,1,2,7,2,7,1,5] [8,3,7,4,8,4,6,3,6,6,5,5,5,6,3,2] after 217 attempts 14/02/2025 16:39:13
8	2546	[8,5,1,4,4,2,4,5,7,8,6,7,3,8,7,7] [3,3,1,2,1,4,5,6,6,6,5,2,2,1,8,3]
9	2896
9	2926	[1,1,1,1,2,2,2,2,3,3,3,3,4,4,4,4,5,9] [5,9,5,5,9,8,6,8,8,7,6,9,6,6,7,8,7,7]
10	3606
11	4224
11	4292	[4,8,3,1,7,5,6,5,8,11,5,1,1,2,11,9,5,4,7,3,2,3] [xxxx] after 190 attempts 18/02/2025 14:08:59
12	4860
12	4864	[10,5,8,12,8,8,10,8,9,5,1,2,4,6,7,7,4,1,6,2,11,7,3,12] [1,1,2,2,3,3,3,4,4,7,10,11,9,12,6,9,12,10,11,5,11,5,6,9] 19/02/2025 20:29:12
12	4938	[2,1,10,2,5,7,9,11,8,12,5,2,12,10,8,6,3,7,5,7,11,9,11,4] [7,10,11,4,6,8,1,12,2,5,4,10,9,3,8,6,3,1,12,9,3,1,6,4] after 42 attempts 20/02/2025 11:55:07
12	4970	[10,5,8,12,8,8,10,8,9,5,1,2,4,6,7,7,4,1,6,2,11,7,3,12] [xxxx] after 93 attempts 18/02/2025 12:37:37
13	5942
13	5962	[12,6,7,8,1,7,5,1,3,13,13,9,1,3,5,7,10,6,12,8,6,9,8,3,9,4] [10,2,9,1,7,5,10,11,12,8,12,11,6,11,3,4,13,2,11,4,2,5,10,2,13,4]
#8	loop48	[5,6,2,4,5,1,4,7,4,2,3,8,3,7,6,6] [7,1,1,3,4,8,2,5,3,7,8,8,2,6,1,5]
13	6072	[9,10,11,13,12,1,13,9,3,5,10,3,13,11,7,7,6,2,2,9,9,4,2,11,7,4] [3,11,4,10,12,6,8,1,3,12,6,5,7,4,6,5,1,8,12,1,2,10,8,5,13,8] after 38 attempts 22/02/2025 22:40:08
13	6038	[13,10,3,4,11,6,8,2,12,7,4,11,6,9,7,3,1,5,8,5,10,9,11,5,13,13] [7,1,4,6,4,1,3,7,12,9,2,11,8,10,2,9,8,6,12,2,10,12,13,1,5,3] after 191 attempts 22/02/2025 19:18:46
4	234	[1,1,1,1,2,2,4,3] [3,3,4,2,4,3,2,4] 24/02/2025 11:32:20
4	258	[1,1,1,1,2,4,4,3] [4,3,2,4,2,2,3,3] 24/02/2025 11:32:20
4	268	[1,1,1,4,3,3,2,4] [4,3,3,4,1,2,2,2] 24/02/2025 11:32:21
4	270	[1,1,1,4,4,3,3,2] [2,3,4,4,2,3,1,2] 24/02/2025 11:32:21
4	272	[2,1,1,3,1,3,4,4] [2,2,3,4,3,1,4,2] 24/02/2025 11:32:37
3	6	[1,1,1,1,2,2] [2,2,3,3,3,3] 24/02/2025 11:34:48
3	28	[1,1,1,1,2,3] [2,2,3,3,3,2] 24/02/2025 11:34:48
3	34	[1,1,1,1,2,3] [2,3,3,3,2,2] 24/02/2025 11:34:48
3	48	[1,1,1,1,2,3] [3,2,3,3,2,2] 24/02/2025 11:34:48
13	6080	[6,8,9,4,12,4,4,5,9,10,10,9,10,13,2,10,7,7,1,4,12,5,1,3,1,8] [11,5,6,2,3,2,2,12,3,3,7,1,11,11,8,13,12,7,9,13,6,13,6,5,11,8] after 522 attempts 24/02/2025 14:13:15
13	6504	[5,8,5,4,7,12,2,8,10,2,7,13,13,10,3,3,1,1,7,8,11,10,5,4,9,12] [10,11,9,6,13,7,1,3,13,2,11,6,1,5,3,9,2,8,4,12,6,4,9,11,6,12]
13	6250	[7,11,1,8,9,7,12,9,10,13,3,9,4,7,13,2,11,1,10,3,3,5,5,4,4,12] [6,5,12,4,3,8,12,7,6,9,10,10,13,2,8,8,5,6,1,2,11,11,1,2,6,13]
13	6290	[11,7,13,11,8,1,9,3,12,7,4,11,9,4,6,7,10,6,3,7,4,10,1,5,13,2] J2 : [3,10,4,1,2,8,9,13,12,12,8,9,13,2,6,12,5,6,11,5,2,3,10,5,1,8]
7	1918	[4,2,4,6,6,7,1,3,1,3,6,1,4,7] [6,7,5,3,7,5,5,2,2,4,5,2,1,3] after 2789160 attempts 27/02/2025 16:25:37
7	1940	[3,5,2,6,2,5,7,2,4,3,4,4,2,4] [7,1,7,1,3,3,6,5,7,1,5,6,1,6] after 3837581 attempts 27/02/2025 16:26:05
7	2014	[6,7,2,3,5,4,2,1,3,2,3,4,2,7] [3,7,6,7,4,6,6,5,5,1,5,1,4,1] after 5432531 attempts 27/02/2025 16:26:41
7	2018	[5,6,2,4,4,3,2,2,3,7,3,6,7,4] [3,6,7,5,4,1,1,1,7,2,5,6,5,1] after 7483448 attempts 27/02/2025 16:27:17
7	2082	[6,3,4,3,6,4,7,1,5,7,2,5,4,1] [4,2,5,5,3,2,6,3,2,1,7,7,6,1] after 11106143 attempts 27/02/2025 16:28:49
7	2182	[1,7,2,2,3,2,7,6,4,6,4,1,3,7] [3,5,3,5,5,4,1,6,1,7,6,2,4,5] after 3664414 attempts 27/02/2025 16:38:28
7	2212	[5,4,7,4,3,2,1,6,3,5,6,6,7,2] [5,3,1,7,4,4,7,6,1,2,5,3,2,1] after 4260804 attempts 27/02/2025 16:38:39
7	2214	[6,3,5,4,7,7,1,2,1,7,5,3,6,4] [4,6,7,6,3,1,3,2,1,5,5,2,2,4] after 17948326 attempts 27/02/2025 16:43:10
7	2276	[5,3,3,5,5,7,3,4,6,7,7,4,6,1] [3,7,2,6,4,1,6,2,5,2,2,1,1,4] after 3257223 attempts 27/02/2025 16:45:44
7	2292	[4,2,6,3,1,3,7,5,6,2,1,7,4,5] [7,2,5,1,1,7,2,6,3,4,5,6,4,3] after 6518258 attempts 27/02/2025 16:46:39
7	2348	[5,3,6,6,1,4,2,7,3,4,7,1,7,4] [3,6,5,5,1,2,3,6,7,2,1,5,4,2] after 3260463 attempts 27/02/2025 16:50:11
7	2434	[4,5,4,7,6,3,6,3,6,7,7,5,6,4] [2,4,2,3,1,1,5,3,1,2,1,5,2,7] after 1758377 attempts 27/02/2025 17:13:28
