3	len	148	J1 : [1,1,1,1,2,3] J2 : [3,2,3,3,2,2] : new nbRoundMax=48/148 loop #31 (0.000 s.)
4	len	138	J1 : [2,2,1,1,1,2,4,4] J2 : [4,3,1,3,4,2,3,3] : new nbRoundMax=138/372 loop #24671288 (13.750 s.)
5	len	380	J1 : [2,4,4,5,5,1,3,1,2,2] J2 : [1,5,5,1,3,4,3,3,2,4] : new nbRoundMax=380/662 after 13 attempts
5	len	382	[5,3,2,3,1,4,4,2,4,5] J2 : [3,1,5,1,2,4,2,3,5,1]
5	len	382
6	len	736
7	len	2690
8	len	1858
9	len	2154
10	len	2332	J1 : [5,3,4,1,6,5,2,6,6,5,3,2,10,7,3,2,8,4,8,9] J2 : [9,2,7,8,7,9,5,3,10,10,6,8,4,1,7,4,9,1,1,10] : new nbRoundMax=2332/3706 after 2 attempts
10	len	2896
# 11	len	15642
11	len	2400
12	len	3472
12	len	3886	J1 : [1,8,4,5,6,12,3,9,10,8,6,10,6,4,4,6,3,11,12,2,9,8,7,2] J2 : [1,7,5,10,9,3,7,3,12,11,11,2,12,4,2,5,5,8,10,9,11,1,1,7] : new nbRoundMax=3886/4960 after 1 attempts
13	len	4402
10	len	2988	J1 : [2,6,9,5,7,5,10,1,8,10,1,9,2,6,10,2,7,3,6,9] J2 : [5,1,4,9,8,3,1,4,10,4,2,7,7,4,3,8,5,8,6,3] : new nbRoundMax=2988/3706 after 16 attempts
13	len	4242	J1 : [4,12,1,2,11,4,5,8,3,12,9,1,7,6,2,10,13,1,3,13,10,3,3,5,9,6] J2 : [12,5,7,11,11,12,2,8,10,6,6,13,13,7,9,5,4,10,11,7,8,9,2,4,8,1] : new nbRoundMax=4242/6042 after 5 attempts
13	len	4608	J1 : [9,12,12,1,11,13,6,3,10,13,1,4,9,7,5,3,12,10,7,4,2,9,8,8,10,4] J2 : [5,1,2,10,5,3,7,11,2,8,1,5,6,8,6,11,6,13,3,4,2,13,11,7,12,9] : new nbRoundMax=4608/6042 after 7 attempts
11	loop		3,2,8,7,1,8,4,11,5,7,8,6,2,2,2,9,3,9,9,11,8,10 11,6,5,1,6,3,4,5,4,9,10,1,7,6,10,10,5,11,3,1,4,7
6	len	742	J1 : [4,5,6,5,4,5,3,4,2,1,1,3] J2 : [2,1,6,3,1,4,3,5,2,2,6,6] : new nbRoundMax=742/1290
13	len	4822	J1 : [5,4,3,4,12,13,7,2,10,5,5,13,6,1,7,4,4,10,8,11,11,8,9,7,1,9] J2 : [3,8,12,12,1,6,9,3,11,5,9,12,10,2,13,7,2,10,8,6,13,6,2,11,3,1] : new nbRoundMax=4822/6042  0.05 M/s
13	loop	5676	[3,2,8,7,1,8,4,11,5,7,8,6,2,2,2,9,3,9,9,11,10,8] [11,6,5,1,6,3,4,5,4,9,10,1,7,6,10,10,5,11,3,1,4,7]
13	loop	5677	[3,2,8,7,1,8,4,11,5,7,8,6,2,2,2,9,3,9,9,11,8,10] [11,6,5,1,6,3,4,5,4,9,10,1,7,6,10,10,5,11,3,1,4,7]
11	len	1746	[11,5,7,7,9,4,8,7,2,10,1,8,2,3,3,1,1,9,3,9,3,7] [4,10,2,1,5,4,6,11,6,6,5,10,11,2,4,8,9,11,8,10,6,5] after 262600 attempts 27/02/2025 17:36:33
11	len	2428	[1,4,2,11,5,3,5,9,6,2,1,6,7,3,2,2,10,10,11,3,5,8] [4,10,7,11,8,1,9,6,1,11,7,8,8,6,7,5,4,9,4,10,9,3] after 98056 attempts 27/02/2025 17:37:03
11	len	2436	[7,6,10,1,1,7,2,10,8,11,3,3,11,2,4,8,10,10,5,11,1,5] [8,9,8,3,5,3,4,4,9,9,9,7,5,6,2,2,7,1,6,11,4,6] after 6578713 attempts 27/02/2025 17:44:58
11	len	2486	[11,4,6,2,3,11,3,1,11,9,6,6,6,2,4,10,7,9,9,7,5,1] [4,7,3,1,10,11,8,2,3,8,5,9,5,5,7,1,10,8,2,8,10,4] after 14287572 attempts 27/02/2025 17:54:10
11	len	2556	[6,8,6,5,2,11,7,9,1,3,4,1,8,3,9,6,8,8,11,1,5,11] [10,11,7,5,6,7,2,10,4,9,1,9,3,2,5,7,4,10,4,10,3,2] after 20870839 attempts 27/02/2025 18:02:09
11	len	2584	[5,6,7,3,11,11,8,1,10,4,2,4,9,2,8,5,6,1,4,2,1,11] [4,3,9,3,8,9,5,10,7,2,1,7,10,7,10,6,8,5,6,11,9,3] after 24964714 attempts 27/02/2025 18:07:04
11	len	2618	[4,11,3,2,9,9,4,1,6,2,10,3,1,2,8,11,1,11,7,6,6,8] [9,3,5,11,5,8,5,10,7,8,3,2,10,9,4,7,6,10,4,7,5,1] after 45597496 attempts 28/02/2025 08:48:08
11	len	2652	[11,3,1,8,2,8,10,5,3,11,9,2,5,4,10,10,6,9,5,11,9,3] [7,2,5,2,1,7,4,7,8,9,8,6,6,1,1,11,4,4,7,3,10,6] after 55118751 attempts 28/02/2025 08:58:18
11	len	2654	[11,5,5,11,4,6,9,5,3,8,1,7,3,9,10,7,4,1,5,10,8,7] [11,3,1,10,6,3,7,6,4,1,2,4,8,10,8,2,2,2,9,11,9,6] after 68464918 attempts 28/02/2025 09:12:28
11	len	2724	[7,2,5,3,3,9,6,2,11,6,6,1,3,8,11,4,9,10,9,8,9,11] [10,5,4,2,4,11,1,10,6,1,5,2,8,10,4,3,7,7,5,7,1,8] after 77980128 attempts 28/02/2025 09:22:32
11	len	2752	[2,8,1,10,3,2,2,5,10,2,1,11,10,4,11,1,8,7,4,7,5,9] [7,5,5,6,10,11,1,3,6,4,11,8,3,7,9,8,9,4,6,3,6,9] after 83418013 attempts 28/02/2025 09:29:07
11	len	2766	[8,3,11,9,4,11,5,6,2,10,9,8,2,10,7,4,4,4,9,1,9,11] [5,6,2,8,6,3,10,11,1,1,5,3,2,6,3,7,5,7,8,1,7,10] after 93080435 attempts 28/02/2025 09:40:25
7	loop	2791	[2,7,7,6,1,1,3,3,5,4,1,4,1,6] [3,5,2,7,4,6,5,2,3,7,5,2,4,6] 28/02/2025 14:18:21
7	loop	210	[6,7,5,1,2,3,7,5,7,4,4,1,4,3] [1,3,7,6,2,5,6,2,1,6,4,3,2,5] 28/02/2025 14:18:23
7	loop	76	[3,2,7,6,1,1,4,5,2,2,3,5,2,7] [4,7,3,6,5,4,6,3,6,7,1,4,5,1] 28/02/2025 14:20:19
7	loop	74	[7,5,5,6,4,3,6,1,2,6,7,2,5,5] [1,3,3,4,7,6,2,1,4,4,1,7,3,2] 28/02/2025 14:20:23
7	loop	71	[5,4,1,4,5,7,4,7,3,6,3,2,4,3] [6,2,5,7,2,3,6,6,2,7,1,1,5,1] 28/02/2025 14:20:27
7	loop	51	[5,4,4,2,4,5,1,3,5,7,3,1,4,7] [6,1,6,3,7,5,1,7,3,2,2,6,2,6] 28/02/2025 14:21:41
7	loop	50	[4,5,2,4,1,7,1,3,3,4,7,1,7,2] [2,7,5,4,3,6,3,1,6,5,2,6,5,6] 28/02/2025 14:22:57
7	loop	45	[1,3,6,2,5,7,5,4,6,4,3,4,2,7] [7,1,6,5,1,5,1,3,2,6,2,4,3,7]
7	loop	49	[2,1,4,2,7,5,4,1,1,7,2,6,5,6] [6,4,7,3,3,7,3,5,5,1,3,2,4,6] 28/02/2025 14:33:32
